P_Value
2.05E-19
1.27E-18
1.17E-16
3.21E-13
6.93E-13
1.14E-12
1.78E-12
8.47E-12
1.74E-11
2.21E-11
4.16E-11
5.42E-10
8.20E-10
9.33E-10
1.60E-09
2.22E-09
2.78E-09
4.94E-09
6.22E-09
6.81E-09
1.08E-08
1.62E-08
3.21E-08
3.53E-08
4.45E-08
4.81E-08
5.30E-08
6.44E-08
7.65E-08
9.79E-08
1.12E-07
1.16E-07
1.54E-07
2.33E-07
2.38E-07
2.42E-07
2.57E-07
2.75E-07
3.46E-07
4.78E-07
5.29E-07
6.43E-07
6.45E-07
7.30E-07
8.25E-07
8.52E-07
9.19E-07
9.31E-07
9.94E-07
1.01E-06
1.06E-06
1.13E-06
1.17E-06
1.17E-06
1.27E-06
1.34E-06
1.35E-06
1.42E-06
1.84E-06
1.90E-06
1.93E-06
2.05E-06
2.09E-06
2.12E-06
2.20E-06
2.38E-06
2.46E-06
2.71E-06
2.73E-06
3.06E-06
3.31E-06
3.46E-06
3.46E-06
3.74E-06
3.86E-06
3.91E-06
4.41E-06
4.48E-06
4.58E-06
4.90E-06
4.90E-06
4.90E-06
5.02E-06
5.21E-06
5.32E-06
5.51E-06
5.51E-06
5.63E-06
5.66E-06
5.92E-06
6.06E-06
6.11E-06
6.78E-06
6.96E-06
6.96E-06
7.03E-06
7.11E-06
7.29E-06
7.35E-06
8.00E-06
8.16E-06
8.18E-06
8.24E-06
8.64E-06
8.70E-06
9.16E-06
9.45E-06
9.45E-06
9.67E-06
9.73E-06
9.99E-06
9.99E-06
9.99E-06
1.04E-05
1.04E-05
1.11E-05
1.13E-05
1.23E-05
1.23E-05
1.27E-05
1.27E-05
1.27E-05
1.43E-05
1.46E-05
1.46E-05
1.50E-05
1.50E-05
1.52E-05
1.54E-05
1.57E-05
1.57E-05
1.57E-05
1.58E-05
1.70E-05
1.73E-05
1.73E-05
1.76E-05
1.76E-05
1.76E-05
1.80E-05
1.80E-05
1.85E-05
1.85E-05
1.92E-05
1.93E-05
1.93E-05
1.93E-05
1.94E-05
2.10E-05
2.16E-05
2.25E-05
2.33E-05
2.37E-05
2.39E-05
2.43E-05
2.45E-05
2.45E-05
2.45E-05
2.46E-05
2.55E-05
2.58E-05
2.58E-05
2.76E-05
2.76E-05
2.76E-05
2.76E-05
2.80E-05
2.87E-05
2.87E-05
2.90E-05
2.90E-05
2.90E-05
3.07E-05
3.07E-05
3.07E-05
3.23E-05
3.23E-05
3.23E-05
3.23E-05
3.39E-05
3.39E-05
3.40E-05
3.50E-05
3.55E-05
3.55E-05
3.55E-05
3.55E-05
3.66E-05
3.66E-05
3.67E-05
3.67E-05
3.93E-05
3.99E-05
3.99E-05
4.15E-05
4.15E-05
4.33E-05
4.33E-05
4.40E-05
4.40E-05
4.40E-05
4.56E-05
4.56E-05
4.96E-05
4.96E-05
5.13E-05
5.19E-05
5.24E-05
5.25E-05
5.25E-05
5.27E-05
5.27E-05
5.31E-05
5.31E-05
5.68E-05
5.96E-05
5.97E-05
6.00E-05
6.26E-05
6.26E-05
6.40E-05
6.40E-05
6.47E-05
6.71E-05
6.71E-05
6.75E-05
6.78E-05
6.78E-05
6.94E-05
6.94E-05
6.94E-05
7.00E-05
7.06E-05
7.06E-05
7.11E-05
7.11E-05
7.11E-05
7.11E-05
7.25E-05
7.25E-05
7.43E-05
7.58E-05
7.58E-05
8.64E-05
8.64E-05
8.64E-05
8.74E-05
8.74E-05
8.74E-05
8.74E-05
8.87E-05
8.87E-05
9.25E-05
9.40E-05
9.40E-05
9.40E-05
9.72E-05
9.73E-05
9.81E-05
0.000105232
0.000105232
1.08E-04
0.000108037
0.000108037
1.10E-04
0.000109621
0.000109621
0.000109658
0.00011357
0.00011357
0.00011357
0.00011357
0.00011357
0.000120912
0.000120912
0.000122333
0.000122333
0.000122333
0.000122333
0.000122333
0.000122333
0.000122333
0.000122478
0.000122807
0.000123481
0.000124688
0.000124688
0.000124688
0.000124688
0.000133174
0.000133174
0.000136569
0.000136701
0.000136925
0.000136925
1.37E-04
0.000136925
0.000136925
0.000136925
0.000138679
0.000138679
0.000138679
0.000138679
0.000139015
0.000140901
0.000140901
0.000140901
0.000140901
0.000147499
0.000147499
0.000147499
0.000157052
0.000157052
0.000157052
0.000157052
0.000157052
0.000157052
0.000157052
0.000157052
0.000157052
0.000159535
0.000159535
0.000159535
0.000159535
0.000163751
0.000163751
0.000163751
0.000163751
0.000163751
0.000163974
0.000163974
0.000164752
0.000164752
0.000166553
0.000169382
1.74E-04
1.74E-04
0.000174887
0.000174887
0.000174887
0.000174887
0.000175762
0.000175762
0.000190568
0.000190568
0.000197393
0.000197837
0.000197837
0.000197837
0.000197837
0.000200847
0.000200847
0.000200847
2.05E-04
0.000205395
0.000207199
0.000207199
0.000207199
0.000207199
0.000207199
0.000212183
0.000212183
0.000212183
0.000212183
0.000212183
0.000213334
0.000213334
0.000219851
0.000219851
0.000219851
0.000219851
0.000219851
0.000219851
0.000221176
0.000221176
0.000228419
0.000237092
0.000245733
0.000245733
0.000245733
0.000245733
0.000245733
0.000245733
0.000250518
0.000268008
0.000268008
0.000268008
0.000268008
0.000274296
0.000275504
0.000275504
0.000279285
0.000283568
0.000283568
0.000284157
0.000285118
0.000285118
0.000285118
0.000285118
0.000285118
0.000285118
0.000285118
0.000285118
0.000285118
0.000285118
0.000289284
0.000296165
0.000299902
0.000299902
0.000299902
0.000309996
0.000319015
0.000319015
0.000338477
0.000338477
0.000338477
0.000338477
0.000338477
0.000343007
0.000344158
0.000344158
0.000344158
0.000344158
0.000344158
0.000344158
3.45E-04
0.000345251
0.000345251
0.000345251
0.000345251
0.000348416
0.000348575
3.49E-04
0.000348575
0.000348575
0.000348575
0.000348575
0.000348575
0.000348575
0.000348575
0.000348575
0.000348575
0.000348575
0.000348575
0.000348575
0.000348575
0.000348575
0.000350011
0.000356148
0.000363987
0.000363987
0.000363987
0.000365103
0.000365103
0.000365103
0.000365103
0.000365103
0.000365103
0.000381058
0.000381058
0.000381058
0.000381058
3.81E-04
0.000381058
0.000381058
0.000381058
0.000381058
0.000381058
0.000381058
0.000389405
0.00039057
0.000395965
0.000395965
0.000403214
0.000403214
4.15E-04
0.000414835
0.000428568
0.000428568
0.000428568
0.000428568
0.000428568
0.000428568
0.000428568
0.000428568
0.000428568
0.000428568
0.000430095
4.43E-04
0.000442947
0.000442947
0.000442947
0.000442947
0.000443377
0.000443377
0.000443377
0.000443377
0.000456023
0.000456784
0.000456784
0.000479376
0.000479376
0.000486766
0.000486766
4.87E-04
0.000486766
0.000486766
0.000486766
0.000486766
0.000486766
0.000500954
0.000506541
0.000506541
0.000506541
0.000506541
0.000506541
0.000506541
0.000506541
0.000506541
0.000506541
0.000506541
0.000506541
0.000506541
0.000506541
0.000525557
0.000532006
0.000532006
0.000532006
0.000532006
0.000532006
0.000532006
0.000532006
0.000532006
0.000532006
0.000533358
0.000533358
0.000537025
0.000537025
0.000537097
0.000565983
0.000565983
0.000565983
0.000565983
0.000565983
0.00056879
0.00056879
0.00056879
0.000591764
0.000610281
0.000621759
0.000621759
0.000649018
0.000649018
0.000649018
0.000649018
0.000649018
0.000658337
0.000658337
0.000658337
0.000658337
0.000658337
0.000669729
0.000669729
0.000669729
0.000669729
0.000669729
0.000669729
0.000669729
0.000669729
0.000669729
0.000673542
0.000673542
0.000673542
0.000673542
0.000673542
0.000673542
0.000673542
0.000674763
0.000674763
0.000674763
0.000674763
0.000674763
0.000674763
0.000674763
0.000674763
0.000674763
0.000674763
0.000674763
0.000674763
0.000674763
0.000674763
0.000674763
0.000693838
0.000693838
0.000693838
7.11E-04
0.000720262
0.000720262
0.000720262
0.000723639
0.000723639
0.000723639
0.000723639
0.000723639
0.000731482
0.000746263
0.00077753
0.00077753
0.00077753
0.00077753
0.00077753
0.00077753
0.00077753
0.00077753
0.00077753
0.00077753
0.00077753
0.00077753
0.00077753
0.00077753
0.00077753
0.00077753
0.00077753
0.00077753
0.00077753
0.00077753
0.00077753
0.00077753
0.00077753
0.00077753
0.00077753
0.00077753
0.00077753
0.000782323
0.000782323
0.000784259
0.000784392
0.000784392
0.000784392
7.96E-04
0.000796004
0.000796004
0.000796004
0.000812117
0.000812117
0.000812117
0.000812117
0.000812117
0.000880743
0.000880743
0.000880743
0.000880743
0.000880743
0.000880743
0.000880743
0.000880743
0.000880743
0.000880743
0.000911119
0.000912887
0.000912887
0.000912887
0.000912887
0.000912887
0.000912887
0.000928533
0.000928533
0.000928533
0.000928533
9.29E-04
0.000928533
0.000928533
0.000928533
0.000928533
0.000928533
0.000928533
0.000928533
0.000928533
0.000928533
0.000928533
0.000928533
0.000928533
0.000928533
0.000938867
0.000938867
0.000938867
0.000940681
0.000940681
0.000940681
0.000998686
0.000998686
0.001004165
0.001018886
0.001041993
0.001105179
0.001105179
0.001105179
0.001118941
0.001128306
0.001128306
0.001129825
0.001129825
0.001131326
0.001131326
1.13E-03
1.13E-03
0.001131326
0.001131326
0.001131326
0.001131326
0.001131326
0.001131326
0.001131326
0.001131326
0.001131326
1.13E-03
0.001131326
0.001131326
0.001131326
0.001131326
0.001131326
0.001131326
0.001131326
0.001131326
0.001131326
0.001131326
0.001134268
0.001152045
0.001152045
0.001152045
0.001152045
0.001152045
0.001152045
0.001152045
0.001152045
0.001152355
0.001152355
0.001152355
0.001152355
0.001152355
0.001152355
0.001152355
0.001152355
0.001152355
0.001152355
0.001152355
0.00119008
0.00119008
0.001224283
0.001224283
0.001224283
0.001224283
0.001268428
0.001268428
0.001268428
0.001268428
0.001268428
0.001268428
0.001268428
0.001268428
0.001268428
0.001268428
0.001268428
0.001268428
0.001268428
0.001268428
0.001268428
0.001268428
0.001268428
0.001279805
0.00129838
0.00130649
0.001350023
0.001395895
0.001448776
0.001448776
0.001448776
0.001448776
0.001448776
0.001448776
0.001448776
0.001448776
0.001448776
0.001448776
0.001496164
0.001496164
0.001496164
0.001496164
1.50E-03
1.50E-03
0.001498873
0.001498873
0.001498873
0.001498873
0.001498873
0.001498873
0.001498873
0.001498873
0.001498873
0.001498873
0.00150835
0.001522345
0.001546203
0.001546203
0.001556917
0.00161134
0.001629186
0.001629186
1.63E-03
0.001629186
0.001629186
0.001629186
0.001629186
0.001629186
0.001629186
0.001629186
0.001629186
1.63E-03
0.001629186
0.001629186
0.001629186
0.001629186
0.001629186
0.001629186
0.001629186
0.001629186
0.001629186
0.001629186
0.001629186
0.001629186
0.001629186
0.001629186
0.001629186
0.001629186
0.001629186
0.001629186
0.001629186
0.001629186
0.001629186
0.001629186
0.001629186
0.001629186
0.001629186
0.001629186
0.001720144
1.72E-03
0.001720144
0.001720144
0.001720144
0.001720144
0.001720144
0.001720144
0.001720144
0.001720144
0.001720144
0.001720144
0.001720144
0.001720144
0.001720144
0.001720144
0.001720144
0.001720144
0.001720144
0.001720144
0.0017386
0.0017386
0.001745119
0.001745119
0.001745119
0.001745119
0.001745119
1.75E-03
0.001745119
0.001745119
0.001745119
0.001745119
0.001745119
0.001745119
0.001745119
0.001745119
1.75E-03
1.75E-03
1.75E-03
0.001745119
0.001745119
0.001745119
0.001745119
0.001745119
0.001745119
0.001745119
0.001745119
0.001745119
0.001745119
1.75E-03
1.75E-03
0.001745119
0.001745119
0.001745119
0.001745119
0.001745119
0.001745119
0.001745119
0.001745119
0.001745119
0.001745119
0.001745119
0.001745119
0.001745119
0.001745119
0.001745119
0.001745119
0.001745119
0.001745119
0.001745119
0.001745119
0.001745119
0.001745119
0.001745119
0.001745119
0.001745119
0.001745119
0.001745119
0.001745119
0.001745119
0.001745119
0.001745119
0.001745119
0.001745119
0.001745119
0.001745119
0.001758923
0.001781425
0.001814118
0.001814118
0.001814118
0.001814118
0.001814118
0.001814118
0.001814118
0.001814118
0.001822735
0.001822735
0.001822735
0.001822735
0.001822735
0.00182615
0.00191852
0.00191852
0.00191852
0.00191852
0.00191852
0.00191852
0.00191852
0.001939728
0.001939728
0.001939728
0.001939728
0.001939728
0.001939728
0.001939728
0.001939728
0.001939728
0.001939728
0.001939728
0.001939728
0.001939728
0.002080493
0.002080493
0.002080493
0.002213692
0.002213692
0.002213692
0.002213692
0.002213692
0.002262468
0.002262468
0.002262468
0.002262468
0.002262468
0.002262468
0.002262468
0.002262468
0.002262468
0.002262468
0.002262468
0.002262468
0.002262468
0.002278664
0.002278664
0.002278664
0.002278664
0.002298813
0.002315807
0.002315807
0.002315807
0.002315807
0.002315807
0.002315807
0.002315807
0.002315807
0.002315807
0.002315807
0.002315807
0.002315807
0.002315807
0.002315807
0.002315807
0.002315807
0.002315807
0.002315807
0.002315807
0.002315807
0.002315807
0.002315807
0.002315807
0.002315807
0.002322095
0.002322095
0.002322095
0.002322095
2.32E-03
0.002322095
0.002322095
0.002322095
0.002322095
0.002322095
0.002322095
0.002322095
0.002322095
0.002322095
0.002322095
0.002322095
0.002322095
0.002322095
0.002322095
0.002322095
0.002322095
0.002322095
0.002322095
0.002322095
0.002322095
0.002322095
0.002322095
0.002322095
0.002322095
0.002322095
0.002424994
0.002424994
0.002424994
0.002496909
0.002496909
0.002496909
0.002496909
0.002496909
0.002496909
0.002496909
0.002496909
0.002496909
0.002496909
0.002496909
0.002496909
0.002496909
0.002496909
0.002496909
0.002496909
0.002496909
0.002568832
0.002616152
0.00263701
0.00263701
0.002675786
0.002675786
0.002675786
2.68E-03
0.002675786
0.002675786
0.002675786
0.002675786
0.002675786
0.002675786
0.002675786
0.002675786
0.002675786
0.002675786
0.002675786
0.002675786
0.002675786
0.002675786
0.002675786
0.002675786
0.002675786
0.002675786
0.002675786
0.002675786
0.002675786
0.002675786
0.002675786
0.002675786
0.002675786
0.002680172
0.002680172
0.002680172
0.002680172
0.002699796
0.002699796
0.002699796
0.002699796
0.002699796
0.00281032
0.00281032
0.00281032
0.00281032
0.00281032
0.00281032
0.002820993
0.00292502
0.003095193
0.003095193
3.10E-03
0.003095193
3.10E-03
0.003095193
0.003095193
0.003095193
0.003095193
0.003095193
0.003095193
0.003095193
0.003095193
0.003095193
0.003095193
0.003095193
0.003095193
0.003095193
0.003095193
0.003095193
0.003095193
0.003095193
0.003095193
0.003095193
0.003095193
0.003095193
0.003095193
0.003095193
0.003095193
0.003095193
0.003095193
0.003095193
0.003095193
0.003095193
0.003190951
0.003190951
0.003197099
0.003197099
0.003197099
0.003197099
0.003197099
0.003197099
0.003197099
0.003197099
0.003197099
0.003197099
0.003197099
0.003197099
0.003197099
0.003234912
0.003234912
0.003234912
0.003234912
0.003234912
0.003256897
0.003275228
0.003275228
0.003275897
0.003275897
0.003275897
0.003275897
0.003275897
0.003275897
0.003275897
0.003275897
0.003275897
0.003275897
0.003275897
0.003275897
0.003275897
0.003275897
0.003275897
0.003275897
0.003275897
0.003275897
0.003275897
0.003275897
0.003275897
0.003275897
0.003275897
0.003275897
0.003275897
0.003275897
0.003275897
0.003275897
0.003275897
0.003275897
0.003275897
0.003275897
0.003275897
0.003275897
0.003453386
0.003453386
0.003453386
0.003476877
0.003476877
0.003476877
0.003476877
0.003476877
0.003476877
0.003476877
0.003476877
0.003476877
0.003556361
0.003762266
3.76E-03
3.76E-03
0.003762266
0.003762266
0.003762266
0.003892417
0.003892417
0.003892417
0.003942506
0.003947752
0.003947752
0.003947752
0.003947752
0.003947752
0.003947752
0.003947752
0.003947752
0.003947752
0.003947752
0.003947752
0.003947752
0.003947752
0.003947752
0.003947752
0.003947752
0.003947752
0.003947752
0.003947752
0.003947752
0.003947752
0.003947752
0.003947752
0.003947752
0.003947752
0.003947752
0.003947752
0.003947752
0.003947752
0.003947752
0.003947752
3.95E-03
0.003947752
0.003947752
0.003947752
0.003947752
0.003947752
0.003947752
0.003947752
0.003947752
0.003947752
0.003947752
0.003947752
0.003947752
0.003947752
0.003947752
0.003947752
0.003947752
0.003947752
0.003947752
0.003947752
0.003947752
0.003947752
0.003947752
0.003947752
0.003947752
0.003947752
0.003947752
0.003947752
0.003947752
0.003947752
0.003947752
0.003947752
0.003947752
0.003947752
0.003947752
0.003947752
0.003947752
0.003947752
0.003947752
0.003947752
0.003947752
0.003947752
0.003947752
0.003947752
0.003947752
0.003947752
0.003947752
0.003947752
0.003947752
0.003947752
0.003947752
0.003947752
0.003947752
0.003947752
0.003947752
0.003947752
0.003947752
0.003947752
0.003947752
0.003947752
0.003947752
0.003947752
0.003947752
0.003947752
0.003947752
0.003947752
0.003947752
0.003947752
0.003947752
0.003947752
0.003987959
0.004040985
0.004040985
0.004040985
0.004040985
0.004040985
0.004040985
0.004040985
0.004040985
0.004040985
0.004040985
4.04E-03
0.004040985
0.004040985
0.004040985
0.004040985
0.004040985
0.004040985
0.004040985
0.004040985
0.004040985
4.04E-03
0.004040985
0.004040985
0.004040985
0.004040985
0.004040985
0.004040985
0.004040985
0.004040985
0.004040985
0.004040985
0.004040985
0.004040985
0.004040985
0.004040985
0.004040985
0.004040985
0.004040985
0.004040985
0.004040985
0.004040985
0.004040985
0.004040985
0.004040985
0.004040985
0.004071994
0.004071994
0.004071994
0.004071994
0.004071994
0.004071994
0.004071994
0.004071994
4.07E-03
0.004071994
0.004071994
0.004071994
0.004071994
0.004071994
0.004071994
0.004071994
0.004071994
0.004071994
0.004071994
0.004107054
0.004107054
0.004107054
0.004107054
0.004107054
0.004107054
0.004107054
0.004107054
0.004107054
0.004107054
4.11E-03
0.004107054
0.004107054
0.004107054
0.004107054
0.004107054
0.004107054
0.004107054
0.004107054
0.004107054
0.004107054
0.004107054
0.004107054
0.004107054
0.004284372
0.004284372
0.004284372
0.004284372
0.004284372
0.004284372
0.004284372
0.004284372
0.004284372
0.00449374
0.00449374
0.004574439
0.004574439
0.004574439
0.004574439
0.004574439
0.004574439
0.004574439
0.004574439
0.004574439
0.004574439
0.004574439
0.004574439
0.004574439
4.57E-03
0.004574439
0.004574439
0.004574439
0.004574439
0.004574439
0.004574439
0.004574439
0.004574439
0.004574439
0.004574439
0.004574439
0.004574439
0.004574439
0.004574439
0.004574439
0.004574439
0.004574439
0.004574439
0.004574439
0.004574439
0.004574439
0.004574439
0.004574439
0.004574439
0.004669132
0.004669132
0.004669132
0.004669132
0.004703494
0.005065974
0.005158958
0.005158958
0.005158958
0.005158958
0.005158958
0.005158958
0.005158958
0.005158958
0.005158958
0.005158958
0.005158958
0.005158958
0.005158958
0.005158958
0.005158958
0.005158958
0.00519203
0.00519203
5.26E-03
0.005258397
0.005258397
0.005258397
0.005258397
0.005258397
0.005258397
0.005258397
0.005258397
0.005287434
0.005301844
5.41E-03
0.005410534
0.005410534
0.005410534
0.005410534
0.005410534
0.005410534
0.005410534
0.005410534
0.005410534
5.41E-03
0.005410534
0.005410534
0.005410534
5.41E-03
0.005410534
0.005410534
0.005410534
0.005410534
0.005410534
0.005410534
0.005410534
0.005410534
0.005410534
0.005410534
0.005410534
0.005410534
0.005410534
0.005410534
0.005410534
0.005410534
0.005583617
0.005583617
0.005583617
0.005583617
0.005810436
0.005835919
0.005835919
0.005835919
0.006011211
0.006011211
0.006011211
0.006011211
0.006011211
0.006011211
0.006011211
0.006011211
0.006011211
6.01E-03
0.006011211
0.006011211
0.006011211
0.006011211
0.006011211
0.006011211
0.006011211
0.006011211
0.006011211
0.006011211
0.006011211
0.006011211
0.006011211
0.006011211
0.006011211
0.006011211
0.006011211
0.006011211
0.006011211
0.006011211
0.006011211
0.006011211
0.006011211
0.006011211
0.006011211
0.006011211
0.006011211
0.006011211
0.006011211
0.006011211
0.006011211
0.006011211
0.006011211
0.006011211
0.006011211
0.006011211
0.006011211
0.006011211
0.006011211
0.006011211
0.006077143
0.006077143
0.006077143
0.006077143
0.006077143
0.006077143
0.006077143
0.006322948
0.006322948
0.006322948
0.006322948
6.32E-03
0.006322948
0.006322948
0.006322948
0.006322948
0.006322948
0.006322948
0.006322948
0.006322948
0.006322948
0.006322948
0.006322948
0.006322948
0.006322948
0.006322948
0.006322948
0.006322948
0.006322948
0.006322948
0.006322948
0.006322948
0.006322948
0.006322948
0.006322948
0.006322948
0.006322948
0.006322948
0.006322948
0.006322948
0.006322948
0.006428241
0.006428241
0.006428241
0.006428241
0.006485308
0.006485308
0.006485308
6.49E-03
0.006485308
0.006485308
0.006485308
0.006485308
0.006485308
0.006485308
0.006485308
0.006485308
0.006485308
0.006485308
0.006485308
0.006485308
0.006485308
0.006485308
0.006485308
0.006485308
0.006485308
0.006485308
0.006485308
0.006485308
0.006485308
0.006485308
0.006485308
0.006485308
0.006485308
0.006485308
0.006485308
0.006485308
0.006485308
0.006485308
0.006485308
0.006485308
0.006485308
0.006485308
0.006485308
0.006485308
0.006485308
0.006485308
0.006485308
0.006485308
0.006501702
0.006501702
0.006501702
0.006501702
0.006501702
0.006501702
0.006501702
0.006501702
0.006501702
0.006501702
0.006501702
0.006501702
0.006501702
0.006501702
0.006501702
0.006501702
0.006501702
0.006501702
0.006501702
0.006591375
0.006655605
6.66E-03
0.006656727
0.006656727
0.006656727
0.006656727
0.006656727
0.00670982
0.00670982
0.007076645
0.007076645
0.007076645
0.007076645
0.007076645
0.007076645
0.007076645
7.08E-03
0.007076645
0.007076645
0.007076645
0.007076645
0.007076645
0.007076645
0.007076645
0.007076645
0.007076645
0.007076645
0.007076645
0.007076645
0.007076645
0.007076645
0.007076645
0.007076645
0.007076645
0.007076645
0.007076645
0.007076645
0.007076645
7.10E-03
0.007095945
0.007095945
0.007160612
0.007465453
0.007827231
0.007827231
0.007827231
0.007827231
0.007827231
0.007827231
0.007827231
0.007827231
7.91E-03
0.007911789
0.007911789
0.007911789
0.008150972
8.15E-03
0.008150972
0.008150972
0.008150972
0.008150972
0.008150972
0.008150972
0.008150972
0.008150972
0.008150972
0.008150972
0.008150972
0.008265546
0.008442096
0.008442096
0.008442096
0.008639386
0.008651542
0.008651542
0.008651542
0.008651542
0.008651542
0.008651542
0.008651542
0.008651542
0.008651542
0.008651542
0.008651542
0.008651542
0.008651542
0.008651542
0.008651542
0.008651542
0.008651542
0.008651542
0.008651542
0.008651542
0.008651542
0.008651542
0.008651542
0.008651542
0.008651542
0.008651542
0.008651542
0.008651542
0.008651542
0.008651542
0.008651542
0.008651542
0.008651542
0.008651542
0.008651542
0.008651542
0.008651542
0.008651542
0.008651542
0.008651542
0.008651542
0.008651542
0.008651542
0.008651542
8.81E-03
0.008808617
0.008808617
0.008808617
0.008808617
0.008808617
0.008808617
0.008808617
0.008808617
8.81E-03
0.008808617
0.008808617
0.008808617
0.008808617
0.008808617
0.008808617
0.008808617
0.008808617
0.008808617
8.81E-03
0.008808617
0.008808617
0.008808617
0.008808617
0.008808617
0.008808617
0.008808617
0.008808617
0.008808617
0.008808617
0.008808617
0.008808617
0.008808617
0.008808617
0.008808617
0.008808617
0.008808617
0.008808617
0.008808617
0.008808617
0.008808617
0.008808617
0.008808617
0.008808617
0.008808617
0.008808617
0.008808617
0.008808617
0.008808617
0.008808617
0.009023439
0.009023439
9.02E-03
0.009023439
0.009023439
0.009023439
0.009023439
0.009023439
0.009023439
0.009023439
0.009023439
9.02E-03
0.009023439
0.009023439
0.009023439
0.009023439
0.009023439
0.009023439
9.02E-03
0.009023439
0.009023439
0.009023439
0.009023439
0.009023439
0.009023439
0.009023439
0.009023439
0.009023439
9.02E-03
0.009023439
0.009023439
0.009023439
0.009023439
0.009023439
0.009023439
0.009023439
0.009023439
0.009023439
0.009023439
0.009023439
0.009023439
0.009023439
0.009023439
0.009023439
0.009023439
0.009023439
0.009023439
0.009023439
0.009023439
0.009023439
0.009023439
0.009023439
0.009023439
0.009023439
0.009023439
0.009023439
0.009023439
0.009023439
0.009023439
0.009023439
0.009023439
0.009023439
0.009023439
0.009023439
0.009023439
0.009023439
0.009023439
0.009023439
0.009023439
0.009023439
0.009023439
0.009023439
0.009023439
0.009023439
0.009023439
0.009023439
0.009023439
0.009023439
0.009023439
0.009023439
0.009023439
0.009023439
0.009023439
0.009023439
0.009023439
0.009023439
0.009023439
0.009023439
0.009023439
0.009023439
0.009023439
0.009023439
0.009023439
0.009023439
0.009023439
0.009023439
0.009023439
0.009023439
0.009023439
0.009023439
0.009023439
0.009023439
0.009023439
0.009023439
0.009023439
0.009023439
0.009023439
0.009023439
0.009023439
0.009023439
0.009023439
0.009023439
0.009023439
0.009023439
0.009023439
0.009023439
0.009023439
0.009023439
0.009023439
0.009023439
0.009023439
0.009023439
0.009023439
0.009023439
0.009023439
0.009023439
0.009023439
0.009023439
0.009023439
0.009023439
0.009023439
0.009023439
0.009189742
0.009189742
0.009189742
0.009189742
0.009189742
0.009189742
0.009189742
0.009189742
0.009189742
0.009189742
0.009189742
0.009189742
0.009189742
0.009189742
0.009189742
0.009189742
0.009189742
0.009189742
0.009189742
0.009189742
0.009189742
0.009189742
0.009189742
0.009189742
0.009189742
0.009374768
0.009374768
0.009374768
0.009493054
0.009493054
0.009493054
0.009493054
0.009493054
0.009493054
0.009604744
0.010080079
0.010165202
0.010165202
0.010165202
0.010165202
0.010165202
0.010165202
0.010165202
0.010165202
0.010165202
0.010286604
0.01040562
0.01040562
0.01040562
0.01040562
0.01040562
0.01040562
1.04E-02
0.01040562
0.01040562
0.01040562
0.01040562
0.01040562
0.01040562
1.04E-02
0.01040562
0.01040562
0.01040562
0.01040562
0.01040562
0.01040562
0.01040562
0.01040562
0.01040562
0.01040562
0.01040562
0.01040562
0.01040562
0.01040562
0.01040562
0.01040562
0.01040562
0.01040562
0.01040562
0.01040562
0.01040562
0.01040562
0.01040562
0.01040562
0.01040562
0.01040562
0.01040562
0.01040562
0.01040562
0.01040562
0.01040562
0.01040562
0.01040562
0.01040562
0.01040562
0.01040562
0.01040562
0.01040562
0.01040562
0.01040562
0.01040562
0.01040562
0.01040562
0.01040562
0.01040562
0.01040562
0.01040562
0.01040562
0.01040562
0.01040562
0.01040562
0.01040562
0.01040562
0.01040562
0.01040562
0.01040562
0.01040562
0.010744479
0.010744479
0.011074438
0.011074438
0.011074438
0.011074438
0.011134104
0.011354357
0.011468073
0.011468073
0.011468073
1.15E-02
0.011718686
0.011718686
0.011718686
0.011718686
0.011718686
0.011718686
0.011718686
0.011718686
0.011718686
0.011718686
0.011718686
0.011718686
0.011718686
0.011718686
0.011718686
0.011718686
0.011718686
0.011718686
0.011718686
0.011718686
0.011718686
0.011718686
0.011718686
0.011718686
0.011718686
0.011718686
0.011718686
0.011718686
0.011718686
0.011718686
0.011718686
0.011718686
0.011718686
0.011718686
0.011718686
1.18E-02
0.011848941
0.011848941
1.18E-02
0.011848941
0.011848941
0.011848941
0.011848941
0.011848941
0.011848941
0.011848941
0.011848941
0.011848941
0.011848941
0.011848941
0.011848941
0.011848941
0.011848941
0.012611144
0.012611144
0.012611144
0.012611144
0.012611144
0.012611144
0.012611144
0.012611144
0.01271625
0.01271625
0.01271625
0.01271625
0.01271625
0.01271625
0.01271625
0.01271625
0.01271625
0.01271625
0.01271625
0.01271625
1.27E-02
0.01271625
1.27E-02
0.01271625
0.01271625
0.01271625
0.01271625
0.01271625
0.01271625
0.01271625
0.01271625
0.01271625
0.01271625
1.27E-02
0.01271625
0.01271625
0.01271625
0.01271625
0.01271625
0.01271625
0.01271625
0.01271625
0.01271625
0.01271625
0.01271625
0.01271625
0.01271625
0.01271625
0.01271625
0.01271625
0.01271625
0.01271625
0.01271625
0.01271625
0.01271625
0.01271625
0.01271625
0.01271625
0.01271625
0.01271625
0.01271625
0.01271625
0.01271625
0.01271625
0.01271625
0.01271625
0.012876042
1.29E-02
0.013095017
0.013589118
0.013799607
0.013799607
0.013799607
0.013799607
0.013799607
0.013799607
0.013799607
0.014854896
0.015169399
0.015169399
0.015169399
0.015169399
0.015169399
0.015169399
0.015169399
0.015169399
0.015169399
0.015169399
0.015169399
0.015169399
0.015169399
0.015169399
0.015169399
0.015169399
0.015169399
0.015169399
0.015169399
0.015169399
0.015169399
0.015169399
0.015169399
0.015169399
0.015169399
0.015169399
0.015169399
0.015169399
0.015169399
0.015169399
0.015169399
0.015169399
0.015169399
0.015169399
1.53E-02
0.015313822
0.015313822
0.015313822
0.015313822
0.015564411
0.015564411
0.015564411
0.015564411
0.015564411
0.015564411
0.015564411
0.01571435
0.01571435
0.01571435
0.01571435
0.01571435
0.01571435
1.57E-02
1.57E-02
0.01571435
0.01571435
0.01571435
0.01571435
0.01571435
0.01571435
0.01571435
0.01571435
0.01571435
1.57E-02
0.01571435
0.01571435
0.01571435
0.01571435
0.01571435
0.01571435
0.01571435
0.01571435
0.01571435
0.01571435
0.01571435
0.01571435
0.01571435
0.01571435
0.01571435
0.01571435
0.01571435
0.01571435
0.01571435
0.01571435
0.01571435
0.016293604
0.016293604
0.016293604
0.016293604
0.016293604
0.016293604
0.016293604
0.016293604
0.016293604
1.63E-02
0.016293604
1.63E-02
0.016293604
0.016293604
0.016293604
0.016293604
0.016293604
0.016293604
0.016293604
0.016293604
0.016293604
0.016293604
1.63E-02
0.016293604
0.016293604
0.016293604
0.016293604
0.016293604
0.016293604
0.016293604
0.016293604
0.016293604
0.016293604
0.016293604
0.016293604
0.016293604
0.016293604
0.016293604
0.016293604
0.016293604
0.016293604
1.63E-02
0.016293604
0.016293604
0.016293604
0.016293604
0.016293604
0.016293604
0.016293604
0.016293604
0.016293604
0.016293604
0.016293604
0.016293604
0.016293604
0.016293604
0.016293604
0.016293604
0.016293604
0.016293604
0.016293604
0.016293604
0.016293604
0.016293604
0.016293604
0.016293604
0.016293604
0.016293604
0.016293604
0.016293604
0.016293604
0.016293604
0.016293604
0.016293604
0.016293604
0.016293604
0.016293604
0.016293604
0.016293604
0.016293604
0.016293604
0.016293604
0.016293604
0.016293604
0.016293604
0.016293604
0.016293604
0.016293604
0.016293604
0.016293604
0.016293604
0.016293604
0.016293604
0.016293604
0.016293604
0.016293604
0.016293604
0.016293604
0.016293604
0.016293604
0.016309172
0.016309172
0.016309172
1.63E-02
1.63E-02
0.016309172
0.016309172
1.63E-02
0.016309172
0.016309172
0.016309172
0.016309172
0.016309172
0.016309172
0.016309172
0.016309172
0.016309172
1.63E-02
0.016309172
1.63E-02
0.016309172
0.016309172
0.016309172
0.016309172
0.016309172
0.016309172
0.016309172
0.016309172
1.63E-02
0.016309172
1.63E-02
0.016309172
0.016309172
0.016309172
0.016309172
0.016309172
0.016309172
0.016309172
0.016309172
0.016309172
0.016309172
0.016309172
0.016309172
0.016309172
0.016309172
0.016309172
0.016309172
0.016309172
0.016309172
0.016309172
0.016309172
0.016309172
0.016309172
0.016309172
0.016309172
0.016309172
0.016309172
0.016309172
0.016309172
0.016309172
0.016309172
0.016309172
0.016309172
0.016309172
0.016309172
0.016309172
0.016309172
0.016309172
0.016309172
0.016309172
0.016309172
0.016309172
0.016309172
0.016309172
0.016309172
0.016309172
0.016309172
0.016309172
0.016309172
0.016309172
0.016309172
0.016309172
0.016309172
0.016309172
0.016309172
0.016309172
0.016540172
0.016540172
0.016540172
0.016540172
0.01688146
0.017096986
0.017096986
0.017926339
0.017926339
0.018086461
0.018086461
0.018086461
0.018086461
0.018086461
0.018086461
0.018086461
0.018086461
0.018086461
0.018086461
0.018086461
0.018086461
0.018086461
0.018086461
0.018086461
0.018086461
0.018086461
0.018086461
0.018086461
0.018086461
0.018086461
0.018086461
0.018086461
0.018086461
0.018086461
0.018086461
0.018086461
0.018086461
0.018086461
0.018086461
0.018086461
0.018086461
0.018086461
0.018086461
0.018086461
0.018086461
0.018086461
0.018086461
0.018086461
0.018086461
0.018086461
0.018086461
0.018086461
0.019109922
0.019109922
0.019109922
1.91E-02
0.019109922
0.019109922
0.019109922
0.019109922
0.019109922
0.019109922
0.019109922
0.019109922
0.019109922
0.01928337
1.93E-02
1.93E-02
0.01928337
0.01928337
0.01928337
0.01928337
0.01928337
0.01928337
1.93E-02
0.01928337
0.01928337
0.01928337
0.01928337
0.01928337
0.01928337
0.01928337
0.01928337
0.01928337
0.01928337
0.019747672
0.019747672
0.019747672
0.019747672
0.019747672
0.020862582
2.09E-02
0.020862582
0.020862582
0.020862582
2.09E-02
0.020862582
0.020862582
0.020862582
0.020862582
0.020862582
0.020862582
0.020862582
0.020862582
0.020862582
0.020862582
0.020862582
0.020862582
0.020862582
0.020862582
0.020862582
0.020862582
0.020862582
0.020862582
0.020862582
0.020862582
0.020862582
0.020862582
0.020862582
0.020862582
0.020862582
0.020921335
0.020921335
0.020921335
0.021450734
0.021596874
0.021596874
0.023342202
0.023342202
0.023342202
0.023342202
0.023342202
0.023342202
0.023342202
0.023342202
0.023342202
0.023342202
0.023342202
0.023485516
0.023485516
0.023485516
0.023485516
0.023485516
0.023948675
0.023948675
0.02434092
0.02434092
0.02434092
0.02434092
0.02434092
0.02434092
0.02434092
0.02434092
0.02434092
0.02434092
0.02434092
0.02434092
0.02434092
0.02434092
0.02434092
0.02434092
0.02434092
0.02434092
0.024343384
0.024357916
0.024974679
0.024974679
0.024974679
0.024974679
2.50E-02
0.024974679
0.024974679
0.024974679
0.024974679
0.024974679
0.024974679
0.024974679
0.024974679
0.024974679
0.024974679
0.024974679
0.024974679
0.024974679
0.024974679
0.024974679
0.024974679
0.024974679
0.024974679
0.024974679
0.024974679
0.024974679
0.024974679
2.50E-02
0.024974679
0.024974679
0.024974679
0.024974679
0.024974679
0.024974679
0.024974679
0.024974679
0.024974679
0.024974679
0.024974679
0.024974679
0.024974679
0.024974679
0.024974679
0.024974679
0.024974679
0.024974679
0.024974679
0.024974679
0.024974679
0.024974679
0.024974679
0.024974679
0.024974679
0.024974679
0.024974679
0.024974679
0.024974679
0.024974679
0.024974679
0.024974679
0.024974679
0.024974679
0.024974679
0.024974679
0.024974679
0.024974679
0.024974679
0.024974679
0.024974679
0.024974679
0.024974679
0.024974679
0.024974679
0.024974679
0.024974679
0.024974679
0.024974679
0.024974679
0.024974679
0.024974679
0.024974679
0.024974679
0.024974679
0.024974679
0.024974679
0.024974679
0.024974679
0.024974679
0.024974679
0.024974679
0.024974679
0.024974679
0.025347319
2.53E-02
2.53E-02
0.025347319
0.025347319
0.025347319
0.025347319
2.53E-02
0.025347319
0.025347319
0.025347319
0.025347319
0.025347319
0.025347319
0.025347319
0.025347319
0.025347319
0.025347319
0.025347319
0.025347319
0.025347319
0.025347319
0.025347319
0.025347319
0.025347319
0.025347319
0.025347319
0.025347319
0.025347319
0.025347319
0.025347319
0.025347319
0.025347319
0.025347319
0.025347319
0.025347319
0.025347319
0.025347319
0.025347319
0.025347319
0.025347319
0.025347319
0.025347319
0.025347319
0.025347319
0.025347319
0.025347319
0.025347319
0.025347319
0.025347319
0.025347319
0.025347319
0.025347319
0.025347319
0.025347319
0.025696419
0.027419824
0.027423154
0.027423154
0.027423154
0.027423154
0.027423154
0.027423154
0.027423154
0.027423154
0.027423154
0.027423154
0.027423154
0.027423154
0.027423154
0.027423154
0.027423154
0.027423154
0.027423154
0.027423154
0.027423154
0.027423154
0.027423154
0.027423154
0.027423154
0.027423154
0.027423154
0.027423154
0.027423154
0.027423154
0.027423154
0.027423154
0.027822659
0.027822659
0.027822659
0.028240369
0.028240369
0.028240369
0.028240369
0.028280123
0.028280123
2.83E-02
0.028280123
0.028280123
0.028280123
0.028280123
0.028280123
2.83E-02
0.028280123
0.028280123
0.028280123
0.028280123
0.028280123
0.028280123
0.028280123
0.028280123
0.028280123
0.028280123
2.83E-02
0.028280123
0.028280123
0.028280123
0.028280123
0.028280123
0.028280123
0.028280123
0.028280123
0.028280123
0.028280123
0.028280123
0.028280123
0.028280123
0.028280123
0.028280123
0.028280123
0.028280123
0.028280123
2.83E-02
0.028280123
0.028280123
0.028280123
0.028280123
0.028280123
0.028280123
0.028280123
0.028280123
0.028280123
0.028280123
0.028280123
0.028280123
0.028280123
0.028280123
0.028280123
0.028280123
0.028280123
0.028280123
0.028280123
0.028280123
0.028280123
0.028280123
0.028280123
0.028280123
0.028280123
0.028280123
0.028280123
0.028280123
0.028280123
0.028280123
0.028280123
0.028280123
0.028280123
0.028280123
0.028280123
0.028280123
0.028280123
0.028280123
0.028280123
0.028280123
0.028280123
0.028280123
0.028280123
0.028280123
0.028280123
0.028280123
0.028280123
0.028280123
0.028280123
0.028280123
0.028280123
0.028280123
0.028280123
0.028280123
0.028280123
0.028280123
0.028280123
0.028280123
0.028280123
0.028280123
0.028280123
0.028280123
0.028280123
0.028280123
0.028280123
0.028280123
0.028280123
0.028365506
0.028365506
0.028365506
0.028365506
0.028365506
0.028365506
0.028365506
0.030510209
0.030510209
0.030510209
0.030510209
0.030510209
0.030510209
0.030510209
0.030510209
0.030510209
0.030510209
0.030510209
0.030510209
0.030510209
0.030510209
0.030510209
0.030510209
0.030510209
0.030510209
0.032833544
0.032833544
0.032833544
0.032833544
0.032833544
0.034293721
0.034293721
0.034293721
0.034293721
0.034293721
0.034293721
3.48E-02
0.035005682
0.035005682
0.035005682
0.035005682
0.035005682
3.50E-02
0.035005682
0.035005682
0.035005682
0.035005682
0.035005682
0.035005682
0.035005682
0.035005682
0.035005682
0.035005682
0.035005682
0.035005682
0.035005682
0.035005682
0.035005682
0.035005682
0.035005682
0.035005682
0.035005682
0.035005682
0.035005682
0.035005682
0.035005682
0.035005682
0.035005682
0.035005682
0.035005682
0.035005682
0.035005682
0.035005682
0.035005682
0.035005682
0.035005682
0.035005682
0.0356919
0.0356919
0.0356919
3.57E-02
0.0356919
0.0356919
0.0356919
0.0356919
0.0356919
0.0356919
0.0356919
0.0356919
0.0356919
0.0356919
0.0356919
0.0356919
0.0356919
0.0356919
0.0356919
0.0356919
0.0356919
0.0356919
0.0356919
0.0356919
0.0356919
0.0356919
0.0356919
0.0356919
0.0356919
0.037372988
3.74E-02
0.037372988
0.037372988
0.037372988
0.037372988
0.037372988
0.037372988
0.037372988
0.037372988
0.037372988
0.037372988
0.037372988
0.037372988
3.74E-02
0.037372988
0.037372988
0.037372988
0.037372988
0.037372988
0.037372988
0.037372988
0.037372988
0.037372988
0.037372988
0.037372988
0.037372988
0.037372988
0.037372988
0.037372988
0.037372988
0.037372988
0.037372988
0.037372988
0.037372988
0.037372988
0.037372988
0.037372988
0.037372988
0.037372988
0.037372988
0.037372988
0.037372988
0.037372988
0.037372988
0.037372988
0.037372988
0.037372988
0.037372988
0.037372988
0.037372988
0.037372988
0.037372988
0.037372988
0.037372988
0.037372988
0.037372988
0.037372988
0.037372988
0.037372988
0.037372988
0.037372988
0.037372988
0.037666922
0.037977204
0.037977204
0.037977204
0.037977204
0.037977204
0.037977204
0.037977204
0.037977204
0.037977204
0.037977204
0.037977204
0.037977204
0.038597931
0.038597931
0.041250017
0.041250017
0.041250017
0.041250017
0.041250017
0.041250017
0.041250017
0.041250017
0.041250017
0.042801584
0.042801584
0.042801584
0.043308143
0.045200604
0.045200604
0.045327562
0.045999367
0.045999367
0.045999367
0.045999367
0.045999367
0.045999367
0.045999367
0.045999367
4.60E-02
0.045999367
0.045999367
0.045999367
0.045999367
4.60E-02
0.045999367
0.045999367
0.045999367
0.045999367
0.045999367
0.045999367
0.045999367
0.045999367
0.045999367
0.045999367
0.045999367
0.045999367
0.045999367
0.045999367
0.046944727
0.046944727
4.69E-02
4.69E-02
0.046944727
0.046944727
0.046944727
0.046944727
0.046944727
0.046944727
0.046944727
0.046944727
0.046944727
0.046944727
0.046944727
0.047201768
0.047201768
0.047201768
0.047201768
0.047201768
0.047201768
0.047201768
0.047201768
0.047201768
0.047201768
4.72E-02
0.047201768
0.047201768
0.047201768
0.047201768
0.047201768
0.047201768
4.72E-02
0.047201768
0.047201768
0.047201768
0.047201768
0.047201768
4.72E-02
0.047201768
0.047201768
0.047201768
0.047201768
0.047201768
0.047201768
4.72E-02
0.047201768
0.047201768
0.047201768
0.047201768
0.047201768
0.047201768
0.047201768
0.047201768
0.047201768
0.047201768
0.047201768
0.047201768
0.047201768
0.047201768
0.047201768
0.047201768
0.047201768
0.047201768
0.047201768
0.047201768
0.047201768
0.047201768
0.047201768
0.047201768
0.047201768
0.047201768
0.047201768
0.047201768
0.047201768
0.047201768
0.047201768
0.047201768
0.047201768
0.047201768
0.047201768
0.047201768
0.047201768
0.047201768
0.047201768
0.047201768
0.047201768
0.047201768
0.047201768
0.047201768
0.047201768
0.047201768
0.047201768
0.047201768
0.047201768
0.047201768
0.047201768
0.047201768
0.047201768
0.047201768
0.047201768
0.047201768
0.047645426
0.047645426
0.047645426
4.76E-02
0.047645426
0.047645426
0.047645426
0.047645426
0.047645426
0.047645426
0.047645426
0.047645426
0.047645426
0.047645426
0.047645426
4.76E-02
0.047645426
0.047645426
0.047645426
0.047645426
0.047645426
0.047645426
0.047645426
0.047645426
0.047645426
0.047645426
0.047645426
0.047645426
0.047645426
0.047645426
0.047645426
0.047645426
0.047645426
0.047645426
0.047645426
0.047645426
0.047645426
0.047645426
0.047645426
0.047645426
0.047645426
0.047645426
0.047645426
0.047645426
0.047645426
0.047645426
0.047645426
0.047645426
0.047645426
0.048340939
0.049366195
0.049366195
0.049366195
0.049366195
0.04964723
0.04964723
0.052730943
0.052730943
0.052730943
0.054663936
0.054663936
0.054663936
0.054663936
0.054663936
0.054663936
5.47E-02
0.054663936
0.054663936
5.47E-02
0.054663936
0.054663936
0.054663936
0.054663936
5.47E-02
0.054663936
5.47E-02
0.054663936
0.054663936
0.054663936
0.054663936
0.054663936
0.054663936
0.054663936
0.054663936
0.054663936
0.054663936
0.054663936
0.054663936
0.054663936
0.054663936
0.054663936
0.054663936
0.054663936
0.054663936
0.054663936
0.054663936
0.054663936
0.054663936
0.054663936
0.054663936
0.054663936
0.054663936
0.054663936
0.054663936
0.054663936
0.054663936
0.054663936
0.054663936
0.054663936
0.054663936
0.054663936
0.054663936
0.054663936
0.054663936
0.054663936
0.054663936
0.054663936
0.054663936
0.054663936
0.054663936
0.054663936
0.054663936
0.054663936
0.054663936
0.054663936
0.054663936
0.054663936
0.054663936
0.054663936
0.054663936
0.054663936
0.054663936
0.054663936
0.054663936
0.054663936
0.054663936
0.054663936
0.054663936
0.054663936
0.057630724
5.76E-02
0.057630724
0.057630724
0.057630724
0.057630724
0.057630724
0.057630724
0.057630724
0.057630724
0.057630724
0.057630724
0.057630724
0.057630724
0.057630724
0.057630724
0.057630724
0.058707408
0.058707408
0.058707408
0.058707408
0.058707408
0.058707408
0.058707408
0.058707408
0.058707408
0.058707408
0.058707408
0.058707408
0.058707408
0.058707408
0.058707408
0.058707408
0.058707408
0.058707408
0.058707408
0.058707408
0.058707408
0.058707408
0.058707408
0.058707408
0.058707408
0.058707408
0.058707408
0.058707408
0.058707408
0.058707408
0.058707408
0.058707408
0.058707408
0.058707408
0.058781721
0.058781721
0.058781721
0.061234988
0.063689775
0.063919341
0.063919341
0.063919341
0.063919341
0.063919341
0.063919341
0.063919341
0.063919341
0.063919341
0.063919341
0.063919341
0.063919341
0.063919341
0.063919341
0.063919341
0.063919341
0.063919341
0.063919341
0.063919341
0.063919341
0.063919341
0.063919341
0.063919341
0.063919341
0.063919341
0.063919341
0.063919341
0.063919341
0.063919341
0.063919341
0.063919341
0.063919341
0.063919341
0.063919341
0.063919341
0.063919341
0.063919341
0.064671688
0.064671688
0.065552161
0.065552161
0.066081916
0.069642405
0.070265673
0.070265673
0.070265673
0.070265673
0.070265673
0.070951492
0.071184925
0.07363827
0.074203411
0.074203411
7.42E-02
0.074203411
0.074203411
0.074203411
0.074203411
0.074203411
0.074203411
0.074203411
0.074203411
0.074203411
0.074203411
0.074203411
0.074203411
0.074203411
0.074203411
0.074203411
0.074203411
0.074203411
0.074203411
0.074203411
0.074203411
0.074203411
0.074203411
0.075800175
0.075800175
0.075800175
7.58E-02
0.075800175
0.075800175
0.075800175
0.075800175
0.075800175
0.075800175
0.075800175
0.075800175
0.075800175
7.58E-02
0.075800175
0.075800175
0.075800175
0.075800175
0.075800175
0.075800175
0.075800175
0.075800175
0.075800175
0.075800175
0.075800175
0.075800175
0.075800175
0.075800175
0.075800175
0.075800175
0.075800175
0.075800175
0.075800175
0.075800175
0.075800175
0.075800175
0.075800175
0.075800175
0.075800175
0.075800175
0.075800175
0.075800175
7.58E-02
0.075800175
0.075800175
7.58E-02
0.075800175
0.075800175
0.075800175
0.075800175
0.075800175
0.075800175
0.075800175
0.075800175
0.075800175
0.075800175
0.075800175
0.075800175
0.075800175
0.075800175
0.075800175
0.075800175
0.075800175
0.075800175
0.075800175
0.075800175
0.075800175
0.075800175
0.075800175
0.075800175
0.075800175
0.075800175
0.075800175
0.075800175
0.075800175
0.075800175
0.075800175
0.075800175
0.075800175
0.075800175
0.075800175
0.075800175
0.075800175
0.075800175
0.075800175
0.075800175
0.075800175
0.075800175
0.075800175
0.075800175
0.075800175
0.075800175
0.075800175
0.075800175
0.075800175
0.075800175
0.075800175
0.075800175
0.075800175
0.075800175
0.075800175
0.075800175
0.075800175
0.075800175
0.075800175
0.078169086
0.078169086
0.078169086
0.078169086
0.078169086
0.078169086
7.82E-02
0.078169086
0.078169086
0.078169086
7.82E-02
0.078169086
0.078169086
0.078169086
0.078169086
0.078169086
0.078169086
7.82E-02
0.078169086
0.078169086
0.078169086
0.078169086
0.078169086
0.078169086
0.078169086
0.078169086
0.078169086
0.078169086
0.078169086
0.078169086
0.078169086
0.078169086
0.078169086
0.078169086
0.078169086
0.078169086
0.078169086
0.078169086
0.078169086
0.078169086
0.078169086
0.078169086
0.078169086
0.078169086
0.078169086
0.078169086
0.078169086
0.078169086
0.078169086
0.078169086
0.078169086
0.078169086
0.078169086
0.078169086
0.078169086
0.078169086
0.078169086
0.078169086
0.078169086
0.078169086
0.078169086
0.078169086
0.078169086
0.078169086
0.078169086
0.078169086
0.078169086
0.08183746
0.082098709
0.082098709
8.31E-02
0.083264517
0.084533469
0.084533469
0.084533469
0.084533469
0.084533469
0.084533469
0.084533469
0.084533469
0.084533469
0.084533469
0.084533469
0.084533469
0.084533469
0.084533469
0.084533469
0.084533469
0.084533469
0.084533469
0.084533469
0.084533469
0.084533469
0.084533469
0.084533469
0.084533469
0.084533469
0.084533469
0.084533469
0.084533469
0.084533469
0.084533469
0.084533469
0.085089073
0.085089073
0.085089073
0.085089073
0.085089073
0.085089073
0.08580597
0.092891941
0.092891941
0.092891941
0.092891941
0.092891941
0.092891941
0.092891941
0.092891941
0.092891941
0.094040666
0.096303692
0.102344988
0.102344988
0.102344988
0.10622743
0.109314576
0.109314576
0.109314576
0.109314576
0.109314576
1.09E-01
0.109314576
0.109314576
0.109314576
0.109314576
0.109314576
0.109314576
0.109314576
0.109314576
0.109314576
0.109314576
0.109314576
0.109314576
0.109314576
0.109314576
0.109314576
0.109314576
0.109314576
0.109314576
0.109314576
0.109314576
0.109314576
0.109314576
0.109314576
0.109314576
0.109314576
0.109314576
0.109314576
0.109314576
0.109314576
0.109314576
0.109314576
0.109314576
0.109314576
0.109314576
0.109314576
0.109314576
0.109314576
0.109314576
0.109314576
0.109314576
0.109314576
0.109314576
0.109314576
0.109314576
0.109314576
0.109314576
0.109314576
0.109314576
0.109314576
0.109314576
0.109314576
0.109314576
0.109314576
1.10E-01
0.110223046
0.110223046
0.110223046
0.110223046
0.110223046
0.110223046
0.110223046
0.110223046
0.110223046
0.110223046
0.110223046
0.110223046
0.110223046
0.110223046
0.110223046
0.110223046
0.110223046
0.110223046
0.110223046
0.110223046
0.110223046
0.110223046
0.110223046
0.110223046
0.110223046
0.110223046
0.110223046
0.110223046
0.115183732
0.115183732
0.115183732
0.115183732
0.115183732
0.115183732
0.115183732
0.115183732
0.115183732
0.115183732
0.115183732
0.117185087
0.117185087
0.117185087
1.17E-01
0.117185087
0.117185087
0.117185087
0.117185087
0.117185087
0.117185087
0.117185087
0.117185087
0.117185087
0.117185087
0.117185087
0.117185087
0.117185087
0.117185087
0.117185087
0.117185087
0.117185087
0.117185087
0.117185087
0.117185087
0.117185087
0.117185087
0.117185087
0.117185087
0.117185087
0.117185087
0.117185087
0.117185087
0.117185087
0.117185087
0.117185087
0.117185087
0.117185087
0.117185087
0.117185087
0.117185087
0.117185087
0.117185087
0.117185087
0.117185087
0.117185087
0.117185087
0.117185087
0.117185087
0.117185087
0.117185087
0.117185087
0.117185087
0.117185087
0.117185087
0.117185087
0.117185087
0.117185087
0.117185087
0.117185087
0.117185087
0.117185087
0.117185087
0.117185087
0.117185087
0.117185087
0.117185087
0.117185087
0.117185087
0.117185087
0.117185087
0.117185087
0.117185087
0.117185087
0.117185087
0.117185087
0.117185087
0.117185087
0.117185087
0.117185087
0.117185087
0.117185087
0.117185087
0.117185087
0.122276677
0.122276677
0.122276677
0.122276677
0.122276677
0.122799782
0.127807601
0.130325257
0.130570018
0.130570018
0.130570018
0.130570018
0.133326932
0.133326932
0.139551638
0.141482121
1.41E-01
0.141482121
0.141482121
0.141482121
0.141482121
0.141482121
0.141719963
0.141719963
0.141719963
0.141719963
0.141719963
1.42E-01
0.141719963
0.141719963
0.141719963
0.141719963
0.141719963
0.141719963
0.141719963
0.141719963
0.141719963
0.141719963
0.141719963
0.141719963
0.141719963
0.141719963
0.141719963
0.141719963
0.141719963
0.141719963
0.141719963
0.141719963
0.141719963
0.141719963
0.141719963
0.141719963
0.141719963
0.145120357
0.145120357
0.149541355
0.149541355
0.149541355
0.149541355
1.50E-01
0.149541355
0.149541355
0.149541355
1.50E-01
0.149541355
0.149541355
0.149541355
0.149541355
0.149541355
0.149541355
0.149541355
0.149541355
0.149541355
0.149541355
0.149541355
0.149541355
0.149541355
0.149541355
0.149541355
0.149541355
0.149541355
0.149541355
0.149541355
0.149541355
0.149541355
0.149541355
0.149541355
0.149541355
0.149541355
0.149541355
0.149541355
0.149541355
0.149541355
0.149541355
0.149541355
0.149541355
0.149541355
0.149541355
0.149541355
0.149541355
0.149541355
0.149541355
0.149541355
0.149541355
0.149541355
0.17109825
0.17109825
0.17109825
0.17109825
0.17109825
0.172167236
0.172167236
0.172167236
0.172167236
0.172167236
0.172167236
0.172167236
0.172167236
0.172167236
0.173485468
0.173617334
0.174525341
0.174525341
0.174525341
1.75E-01
0.174525341
0.174525341
0.174525341
1.75E-01
0.174525341
0.174525341
0.174525341
0.174525341
0.174525341
0.174525341
0.174525341
0.174525341
0.174525341
0.174525341
0.174525341
0.174525341
0.174525341
0.174525341
0.174525341
0.174525341
0.174525341
0.174525341
0.174525341
0.174525341
0.174525341
0.174525341
0.174525341
0.174525341
0.174525341
0.174525341
0.174525341
0.174525341
0.174525341
0.174525341
0.174525341
0.174525341
0.174525341
0.174525341
0.174525341
0.174525341
0.174525341
0.174525341
0.174525341
0.174525341
0.174525341
0.174525341
0.174525341
0.174525341
0.174525341
0.174525341
0.174525341
0.174525341
0.174525341
0.174525341
0.174525341
0.174525341
1.80E-01
0.179712495
0.179712495
0.179712495
0.179712495
0.179712495
0.179712495
0.179712495
0.179712495
0.179712495
0.198764606
2.00E-01
0.200184804
0.200184804
0.200184804
0.200184804
0.200184804
0.200184804
0.200184804
0.200184804
0.200184804
0.200184804
0.200184804
0.200184804
0.200184804
0.200184804
0.200184804
0.200184804
0.200184804
0.200184804
0.200184804
0.200184804
0.200184804
0.200184804
0.200184804
0.200184804
0.200184804
0.200184804
0.200184804
0.200184804
0.200380694
0.200411075
0.200411075
0.200411075
0.207578442
0.207578442
2.25E-01
0.224799099
0.224799099
0.224799099
0.224799099
0.224799099
0.224799099
0.224799099
0.224799099
0.224799099
0.224799099
0.224799099
0.233230223
0.233230223
0.247995815
0.247995815
0.247995815
0.248213079
0.250153008
0.250592051
0.250592051
0.250592051
0.250592051
0.250592051
0.250592051
0.250592051
0.250592051
0.250592051
0.250592051
0.250592051
0.250592051
0.250592051
0.250592051
0.250592051
2.51E-01
0.250592051
0.250592051
0.250592051
0.250592051
0.250592051
0.250592051
0.250592051
0.250592051
0.250592051
0.250592051
0.250592051
0.250592051
0.250592051
0.250592051
0.250592051
0.250592051
0.250592051
0.250592051
0.250592051
0.250592051
0.250592051
0.250592051
0.250592051
0.250592051
0.250592051
0.262331675
0.262331675
0.262331675
0.262331675
0.262331675
0.262331675
0.262331675
0.262331675
0.262331675
0.262331675
0.262331675
0.262331675
0.262331675
0.262331675
0.262331675
0.262331675
0.262331675
0.262331675
0.262331675
0.262331675
0.262331675
0.262331675
0.262331675
0.262331675
0.262331675
0.262331675
0.262331675
0.262331675
0.2696899
0.277439105
0.277439105
0.277439105
0.277439105
0.293621544
0.296269871
0.308769368
0.30987955
0.30987955
0.318425067
3.37E-01
0.336668368
0.336668368
0.336668368
0.336668368
0.336668368
0.336668368
0.336668368
0.336668368
0.336668368
0.336668368
0.336668368
0.336668368
0.336668368
0.336668368
0.336668368
0.336668368
0.336668368
0.336668368
0.336668368
0.336668368
0.336668368
0.336668368
0.336668368
0.336668368
0.336668368
0.337904019
0.337904019
0.337904019
0.337904019
0.337904019
0.344562365
0.344562365
0.344562365
3.47E-01
0.347207639
3.47E-01
0.347207639
0.347207639
0.347207639
0.347207639
0.347207639
0.347207639
0.347207639
0.347207639
0.347207639
0.347207639
0.347207639
0.347207639
0.347207639
0.347207639
0.347207639
0.347207639
0.347207639
0.347207639
0.347207639
0.347207639
0.347207639
0.347207639
0.347207639
0.400814169
4.06E-01
0.406233805
0.406233805
0.406233805
0.406233805
0.423339642
0.423339642
0.423339642
0.423339642
0.423339642
0.423339642
0.423339642
0.423339642
0.423339642
0.423339642
0.423339642
0.4647021
0.4647021
0.4647021
0.4647021
0.4647021
0.4647021
0.4647021
0.4647021
0.4647021
0.482202698
4.82E-01
0.482202698
0.52183939
0.52183939
0.52183939
0.528612125
0.528612125
0.565298798
0.565298798
0.565298798
6.02E-01
0.601508134
0.601508134
0.601508134
0.601508134
0.601508134
0.601508134
0.601508134
0.627206926
0.630954041
0.630954041
0.630954041
0.630954041
0.630954041
0.630954041
0.630954041
0.630954041
0.654720846
0.748774042
0.748774042
0.748774042
0.748774042
0.752713806
0.75402253
0.75402253
0.75402253
0.75402253
0.75402253
0.75402253
0.810181236
0.872780124
0.872780124
0.872780124
0.91635914
0.916814949
0.916814949
0.916814949
0.916814949
0.949059681
1
1
1
1
1
